390,  4.12427E-04
391,  5.00286E-04
392,  6.05567E-04
393,  7.31107E-04
394,  8.79990E-04
395,  1.05549E-03
396,  1.26099E-03
397,  1.49988E-03
398,  1.77536E-03
399,  2.09027E-03
400,  2.44686E-03
401,  2.84701E-03
402,  3.29421E-03
403,  3.79308E-03
404,  4.34913E-03
405,  4.96908E-03
406,  5.65969E-03
407,  6.42211E-03
408,  7.25344E-03
409,  8.14719E-03
410,  9.09254E-03
411,  1.00768E-02
412,  1.10957E-02
413,  1.21494E-02
414,  1.32397E-02
415,  1.43708E-02
416,  1.55464E-02
417,  1.67586E-02
418,  1.79945E-02
419,  1.92381E-02
420,  2.04713E-02
421,  2.16788E-02
422,  2.28676E-02
423,  2.40544E-02
424,  2.52610E-02
425,  2.65139E-02
426,  2.78384E-02
427,  2.92379E-02
428,  3.07090E-02
429,  3.22471E-02
430,  3.38464E-02
431,  3.55007E-02
432,  3.72068E-02
433,  3.89617E-02
434,  4.07613E-02
435,  4.26005E-02
436,  4.44705E-02
437,  4.63492E-02
438,  4.82089E-02
439,  5.00184E-02
440,  5.17432E-02
441,  5.33569E-02
442,  5.48760E-02
443,  5.63319E-02
444,  5.77608E-02
445,  5.92031E-02
446,  6.06927E-02
447,  6.22221E-02
448,  6.37721E-02
449,  6.53211E-02
450,  6.68457E-02
451,  6.83327E-02
452,  6.98188E-02
453,  7.13570E-02
454,  7.30052E-02
455,  7.48266E-02
456,  7.68826E-02
457,  7.92062E-02
458,  8.18256E-02
459,  8.47732E-02
460,  8.80858E-02
461,  9.17915E-02
462,  9.58605E-02
463,  1.00240E-01
464,  1.04864E-01
465,  1.09653E-01
466,  1.14526E-01
467,  1.19447E-01
468,  1.24394E-01
469,  1.29339E-01
470,  1.34254E-01
471,  1.39116E-01
472,  1.43939E-01
473,  1.48747E-01
474,  1.53573E-01
475,  1.58451E-01
476,  1.63415E-01
477,  1.68476E-01
478,  1.73637E-01
479,  1.78901E-01
480,  1.84273E-01
481,  1.89753E-01
482,  1.95329E-01
483,  2.00984E-01
484,  2.06697E-01
485,  2.12448E-01
486,  2.18237E-01
487,  2.24171E-01
488,  2.30392E-01
489,  2.37060E-01
490,  2.44352E-01
491,  2.52428E-01
492,  2.61293E-01
493,  2.70912E-01
494,  2.81239E-01
495,  2.92218E-01
496,  3.03798E-01
497,  3.15984E-01
498,  3.28796E-01
499,  3.42254E-01
500,  3.56376E-01
501,  3.71178E-01
502,  3.86646E-01
503,  4.02761E-01
504,  4.19493E-01
505,  4.36804E-01
506,  4.54651E-01
507,  4.72995E-01
508,  4.91790E-01
509,  5.10984E-01
510,  5.30514E-01
511,  5.50318E-01
512,  5.70350E-01
513,  5.90563E-01
514,  6.10910E-01
515,  6.31338E-01
516,  6.51765E-01
517,  6.72005E-01
518,  6.91826E-01
519,  7.10978E-01
520,  7.29193E-01
521,  7.46257E-01
522,  7.62240E-01
523,  7.77302E-01
524,  7.91628E-01
525,  8.05422E-01
526,  8.18852E-01
527,  8.31879E-01
528,  8.44404E-01
529,  8.56327E-01
530,  8.67543E-01
531,  8.77998E-01
532,  8.87844E-01
533,  8.97296E-01
534,  9.06579E-01
535,  9.15931E-01
536,  9.25514E-01
537,  9.35155E-01
538,  9.44587E-01
539,  9.53533E-01
540,  9.61706E-01
541,  9.68858E-01
542,  9.74934E-01
543,  9.79928E-01
544,  9.83841E-01
545,  9.86676E-01
546,  9.88495E-01
547,  9.89589E-01
548,  9.90307E-01
549,  9.90998E-01
550,  9.92016E-01
551,  9.93599E-01
552,  9.95521E-01
553,  9.97442E-01
554,  9.99019E-01
555,  9.99908E-01
556,  9.99863E-01
557,  9.99028E-01
558,  9.97645E-01
559,  9.95955E-01
560,  9.94196E-01
561,  9.92539E-01
562,  9.90892E-01
563,  9.89101E-01
564,  9.87013E-01
565,  9.84481E-01
566,  9.81388E-01
567,  9.77743E-01
568,  9.73583E-01
569,  9.68943E-01
570,  9.63858E-01
571,  9.58333E-01
572,  9.52257E-01
573,  9.45494E-01
574,  9.37913E-01
575,  9.29393E-01
576,  9.19911E-01
577,  9.09799E-01
578,  8.99468E-01
579,  8.89309E-01
580,  8.79700E-01
581,  8.70889E-01
582,  8.62660E-01
583,  8.54696E-01
584,  8.46683E-01
585,  8.38320E-01
586,  8.29368E-01
587,  8.19827E-01
588,  8.09754E-01
589,  7.99210E-01
590,  7.88256E-01
591,  7.76952E-01
592,  7.65335E-01
593,  7.53434E-01
594,  7.41279E-01
595,  7.28897E-01
596,  7.16315E-01
597,  7.03574E-01
598,  6.90720E-01
599,  6.77794E-01
600,  6.64838E-01
601,  6.51880E-01
602,  6.38890E-01
603,  6.25828E-01
604,  6.12656E-01
605,  5.99336E-01
606,  5.85850E-01
607,  5.72239E-01
608,  5.58557E-01
609,  5.44855E-01
610,  5.31181E-01
611,  5.17571E-01
612,  5.04028E-01
613,  4.90549E-01
614,  4.77130E-01
615,  4.63771E-01
616,  4.50483E-01
617,  4.37320E-01
618,  4.24342E-01
619,  4.11602E-01
620,  3.99149E-01
621,  3.86999E-01
622,  3.75057E-01
623,  3.63210E-01
624,  3.51360E-01
625,  3.39420E-01
626,  3.27347E-01
627,  3.15228E-01
628,  3.03169E-01
629,  2.91269E-01
630,  2.79611E-01
631,  2.68261E-01
632,  2.57239E-01
633,  2.46555E-01
634,  2.36214E-01
635,  2.26221E-01
636,  2.16578E-01
637,  2.07286E-01
638,  1.98346E-01
639,  1.89756E-01
640,  1.81513E-01
641,  1.73605E-01
642,  1.65979E-01
643,  1.58580E-01
644,  1.51360E-01
645,  1.44279E-01
646,  1.37314E-01
647,  1.30488E-01
648,  1.23833E-01
649,  1.17374E-01
650,  1.11132E-01
651,  1.05125E-01
652,  9.93598E-02
653,  9.38433E-02
654,  8.85777E-02
655,  8.35635E-02
656,  7.87979E-02
657,  7.42716E-02
658,  6.99742E-02
659,  6.58954E-02
660,  6.20256E-02
661,  5.83558E-02
662,  5.48781E-02
663,  5.15852E-02
664,  4.84694E-02
665,  4.55235E-02
666,  4.27397E-02
667,  4.01096E-02
668,  3.76249E-02
669,  3.52780E-02
670,  3.30614E-02
671,  3.09685E-02
672,  2.89930E-02
673,  2.71290E-02
674,  2.53710E-02
675,  2.37135E-02
676,  2.21517E-02
677,  2.06815E-02
678,  1.92989E-02
679,  1.80002E-02
680,  1.67813E-02
681,  1.56379E-02
682,  1.45642E-02
683,  1.35545E-02
684,  1.26039E-02
685,  1.17081E-02
686,  1.08645E-02
687,  1.00747E-02
688,  9.34013E-03
689,  8.66126E-03
690,  8.03744E-03
691,  7.46640E-03
692,  6.94208E-03
693,  6.45840E-03
694,  6.01022E-03
695,  5.59317E-03
696,  5.20388E-03
697,  4.84061E-03
698,  4.50200E-03
699,  4.18672E-03
700,  3.89344E-03
701,  3.62074E-03
702,  3.36678E-03
703,  3.12983E-03
704,  2.90835E-03
705,  2.70101E-03
706,  2.50677E-03
707,  2.32516E-03
708,  2.15577E-03
709,  1.99813E-03
710,  1.85174E-03
711,  1.71606E-03
712,  1.59050E-03
713,  1.47446E-03
714,  1.36735E-03
715,  1.26860E-03
716,  1.17761E-03
717,  1.09361E-03
718,  1.01588E-03
719,  9.43785E-04
720,  8.76778E-04
721,  8.14416E-04
722,  7.56449E-04
723,  7.02662E-04
724,  6.52834E-04
725,  6.06745E-04
726,  5.64154E-04
727,  5.24753E-04
728,  4.88249E-04
729,  4.54380E-04
730,  4.22913E-04
731,  3.93642E-04
732,  3.66387E-04
733,  3.40989E-04
734,  3.17302E-04
735,  2.95196E-04
736,  2.74566E-04
737,  2.55366E-04
738,  2.37555E-04
739,  2.21082E-04
740,  2.05890E-04
741,  1.91900E-04
742,  1.78978E-04
743,  1.66991E-04
744,  1.55826E-04
745,  1.45388E-04
746,  1.35605E-04
747,  1.26449E-04
748,  1.17901E-04
749,  1.09938E-04
750,  1.02535E-04
751,  9.56631E-05
752,  8.92826E-05
753,  8.33545E-05
754,  7.78429E-05
755,  7.27153E-05
756,  6.79417E-05
757,  6.34925E-05
758,  5.93408E-05
759,  5.54626E-05
760,  5.18361E-05
761,  4.84432E-05
762,  4.52732E-05
763,  4.23167E-05
764,  3.95637E-05
765,  3.70043E-05
766,  3.46263E-05
767,  3.24117E-05
768,  3.03430E-05
769,  2.84050E-05
770,  2.65845E-05
771,  2.48720E-05
772,  2.32657E-05
773,  2.17646E-05
774,  2.03667E-05
775,  1.90692E-05
776,  1.78673E-05
777,  1.67513E-05
778,  1.57116E-05
779,  1.47398E-05
780,  1.38285E-05
781,  1.29721E-05
782,  1.21678E-05
783,  1.14131E-05
784,  1.07060E-05
785,  1.00439E-05
786,  9.42459E-06
787,  8.84486E-06
788,  8.30177E-06
789,  7.79260E-06
790,  7.31486E-06
791,  6.86644E-06
792,  6.44584E-06
793,  6.05170E-06
794,  5.68270E-06
795,  5.33752E-06
796,  5.01482E-06
797,  4.71307E-06
798,  4.43080E-06
799,  4.16664E-06
800,  3.91935E-06
801,  3.68769E-06
802,  3.47029E-06
803,  3.26590E-06
804,  3.07338E-06
805,  2.89173E-06
806,  2.72019E-06
807,  2.55842E-06
808,  2.40620E-06
809,  2.26323E-06
810,  2.12920E-06
811,  2.00371E-06
812,  1.88626E-06
813,  1.77629E-06
814,  1.67332E-06
815,  1.57687E-06
816,  1.48650E-06
817,  1.40170E-06
818,  1.32198E-06
819,  1.24692E-06
820,  1.17614E-06
821,  1.10932E-06
822,  1.04626E-06
823,  9.86787E-07
824,  9.30738E-07
825,  8.77945E-07
826,  8.28249E-07
827,  7.81491E-07
828,  7.37521E-07
829,  6.96191E-07
830,  6.57361E-07
